{
    "sn": "2137FDE1AL0B8TBJCCXS",
    "model": "",
    "hw_version": "",
    "version": "20250613_194819_0d19ced8",
    "modified_time": "2025-09-08 11:39:55",
    "md5": "cb8121fa78560c85b0825826b851f86f",
    "force_skip_md5_check": false,
    "calib_records": [
        {
            "name": "pano_stereo",
            "deps": [],
            "modified_time": "2025-09-08 10:31:18",
            "modified_by": "factory"
        },
        {
            "name": "pano_imu",
            "deps": [
                "pano_stereo"
            ],
            "modified_time": "2025-09-08 11:39:55",
            "modified_by": "factory"
        },
        {
            "name": "bottom_stereo",
            "deps": [],
            "modified_time": "2025-09-08 11:00:56",
            "modified_by": "factory"
        },
        {
            "name": "bottom_imu",
            "deps": [
                "bottom_stereo"
            ],
            "modified_time": "2025-09-08 11:39:55",
            "modified_by": "factory"
        },
        {
            "name": "bottom_pano",
            "deps": [
                "bottom_stereo",
                "pano_stereo"
            ],
            "modified_time": "2025-09-08 11:09:19",
            "modified_by": "factory"
        },
        {
            "name": "front_stereo",
            "deps": [],
            "modified_time": "2025-09-08 11:00:56",
            "modified_by": "factory"
        },
        {
            "name": "front_pano",
            "deps": [
                "front_stereo",
                "pano_stereo"
            ],
            "modified_time": "2025-09-08 11:00:56",
            "modified_by": "factory"
        }
    ],
    "bottom": {
        "calibration_time": "2025-09-08 11:00:56",
        "delay_offset": 0.00037565416263385935,
        "acc_scale": 1.0,
        "acc_bias": [
            0.0,
            0.0,
            0.0
        ],
        "gyro_bias": [
            0.0,
            0.0,
            0.0
        ],
        "cameras": [
            {
                "T_I_C": [
                    -0.9988120953277067,
                    0.0003818605465194231,
                    0.04872630100467573,
                    -0.00935344914002296,
                    -0.00011874003208834764,
                    -0.9999853979936054,
                    0.00540274933479103,
                    0.0007135629523722043,
                    0.0487276525997306,
                    0.005390545621068163,
                    0.9987975560092378,
                    0.05491764619007132,
                    0.0,
                    0.0,
                    0.0,
                    1.0
                ],
                "cx": 320.3128457570296,
                "cy": 237.8043136774699,
                "dist_coeffs": [
                    0.11969119385559747,
                    -0.10350037062832217,
                    0.00025762342874412,
                    0.00017663523446721406,
                    0.02479446034310872
                ],
                "dist_coeffs_comment": "k1,k2,p1,p2,k3",
                "focal_baseline": 50.369998931884766,
                "fx": 229.57642448625967,
                "fy": 229.4980911898449,
                "height": 480,
                "id": 0,
                "model_type": "perspective",
                "width": 640
            },
            {
                "T_I_C": [
                    -0.996914611548676,
                    -0.0014221607972765382,
                    0.07848079216864412,
                    -0.05609664109938231,
                    0.0013190615737920406,
                    -0.9999981977248992,
                    -0.0013655121813192384,
                    0.0007080402223293398,
                    0.07848259270255901,
                    -0.0012577780485744355,
                    0.996914690751954,
                    0.05719070981157012,
                    0.0,
                    0.0,
                    0.0,
                    1.0
                ],
                "cx": 317.4588478825474,
                "cy": 238.6542229844911,
                "dist_coeffs": [
                    0.12095247652970295,
                    -0.10497001377122545,
                    -0.00042534084030456754,
                    -1.610879565068363e-05,
                    0.02528497231403863
                ],
                "dist_coeffs_comment": "k1,k2,p1,p2,k3",
                "focal_baseline": 50.369998931884766,
                "fx": 229.71064346926784,
                "fy": 229.6631279706279,
                "height": 480,
                "id": 1,
                "model_type": "perspective",
                "width": 640
            }
        ],
        "sn": "113SN00B6L008R-113SN00B6L008K",
        "creator": "factory",
        "dir_name": "",
        "rms_l": 0.15805195174437253,
        "rms_r": 0.15364909011215092,
        "rotation_in_degree": [
            0.38803203599664626,
            1.708245387970755,
            0.08471641088959195
        ],
        "translation": [
            -46.8192857713128,
            -0.05771171456246388,
            0.24555466129680475
        ]
    },
    "front": {
        "calibration_time": "2025-09-08 11:00:28",
        "delay_offset": 0.0,
        "acc_scale": 1.0,
        "acc_bias": [
            0.0,
            0.0,
            0.0
        ],
        "gyro_bias": [
            0.0,
            0.0,
            0.0
        ],
        "cameras": [
            {
                "T_I_C": [
                    1.0,
                    0.0,
                    0.0,
                    0.0,
                    0.0,
                    1.0,
                    0.0,
                    0.0,
                    0.0,
                    0.0,
                    1.0,
                    0.0,
                    0.0,
                    0.0,
                    0.0,
                    1.0
                ],
                "cx": 545.9239620931562,
                "cy": 629.2359773523835,
                "dist_coeffs": [
                    -0.0026356541063453556,
                    0.012292169295449578,
                    0.0004923359191398276,
                    -0.0005257015091813587,
                    -0.007024744679240518
                ],
                "dist_coeffs_comment": "k1,k2,p1,p2,k3",
                "focal_baseline": 50.369998931884766,
                "fx": 508.1798498848767,
                "fy": 508.14552430256725,
                "height": 1280,
                "id": 0,
                "model_type": "perspective",
                "width": 1088
            },
            {
                "T_I_C": [
                    0.9999880811651984,
                    -0.0048204956213971206,
                    -0.0007748222432050383,
                    4.5642874215019395e-06,
                    0.004821444052478599,
                    0.9999876241305297,
                    0.0012268916119042986,
                    0.05014125020474177,
                    0.0007688984284629801,
                    -0.0012306127508820862,
                    0.9999989471931778,
                    -8.466666653434938e-05,
                    0.0,
                    0.0,
                    0.0,
                    1.0
                ],
                "cx": 544.5311486007363,
                "cy": 643.3001249518314,
                "dist_coeffs": [
                    -0.0017490804416721566,
                    0.010847050916834149,
                    8.186299904688055e-05,
                    0.00040735388715019386,
                    -0.006492361172109333
                ],
                "dist_coeffs_comment": "k1,k2,p1,p2,k3",
                "focal_baseline": 50.369998931884766,
                "fx": 508.4528341561013,
                "fy": 508.37684412065823,
                "height": 1280,
                "id": 1,
                "model_type": "perspective",
                "width": 1088
            }
        ],
        "sn": "112SN10B7X01E6-112SN10B7X010X",
        "creator": "factory",
        "dir_name": "",
        "rms_l": 0.23269720002197739,
        "rms_r": 0.22297017044961803,
        "rotation_in_degree": [
            0.07029575001874325,
            0.044394048850499385,
            -0.27619520684775173
        ],
        "translation": [
            -0.24625236553716626,
            -50.14071185292603,
            0.023152234621531424
        ]
    },
    "pano": {
        "calibration_time": "",
        "delay_offset": 0.0,
        "acc_scale": 9.80665,
        "acc_bias": [
            0,
            0,
            0
        ],
        "gyro_bias": [
            0,
            0,
            0
        ],
        "cameras": [
            {
                "T_I_C": [
                    0.9998990644347245,
                    0.012042480750309689,
                    -0.007539204198132852,
                    -0.00275,
                    -0.007597461978510801,
                    0.0047992889774541745,
                    -0.9999596218832019,
                    -0.01313,
                    -0.012005811678008538,
                    0.9999159692107579,
                    0.00489029684813574,
                    -0.01169,
                    0.0,
                    0.0,
                    0.0,
                    1.0
                ],
                "cx": 638.380487804878,
                "cy": 638.5268292682927,
                "dist_coeffs": [
                    -0.05143676,
                    0.16430032,
                    -0.00020748,
                    0.00061268,
                    -0.48868474
                ],
                "dist_coeffs_comment": "k1,k2,p1,p2,k3",
                "focal_baseline": 0.0,
                "fx": 914.1341463414634,
                "fy": 914.2536585365854,
                "height": 1280,
                "id": 0,
                "model_type": "equidistant_v3",
                "width": 1280,
                "d": 1.50377
            },
            {
                "T_I_C": [
                    -0.9999769963618619,
                    -0.005846819681120644,
                    0.0034382330818751037,
                    -0.002531925427786006,
                    0.0034040479835589234,
                    0.005846719742622825,
                    0.9999771139009016,
                    0.05802104386831698,
                    -0.00586678825546555,
                    0.9999658146996165,
                    -0.0058266823920518195,
                    -0.012519753535566197,
                    0.0,
                    0.0,
                    0.0,
                    1.0
                ],
                "cx": 637.3317073170732,
                "cy": 636.4951219512195,
                "dist_coeffs": [
                    -0.05209633,
                    0.17231672,
                    3.352e-05,
                    0.00134717,
                    -0.50418627
                ],
                "dist_coeffs_comment": "k1,k2,p1,p2,k3",
                "focal_baseline": 0.0,
                "fx": 914.560975609756,
                "fy": 914.4999999999999,
                "height": 1280,
                "id": 1,
                "model_type": "equidistant_v3",
                "width": 1280,
                "d": 1.50377
            }
        ],
        "sn": "",
        "creator": "",
        "dir_name": "",
        "rms_l": 0.0,
        "rms_r": 0.0,
        "rotation_in_degree": [
            -179.9435282955816,
            0.23430876452943686,
            -178.97456849134738
        ],
        "translation": [
            -0.029,
            0.415,
            -71.155
        ],
        "window_crop_info": {
            "crop_offset_x": 0,
            "crop_offset_y": 0,
            "src_height": 5248,
            "src_width": 5248,
            "dst_height": 5248,
            "dst_width": 5248
        }
    },
    "pano_front": {
        "calibration_time": "2025-09-08 11:00:36",
        "cameras": [
            {
                "T_I_C": [
                    1.0,
                    0.0,
                    0.0,
                    0.0,
                    0.0,
                    1.0,
                    0.0,
                    0.0,
                    0.0,
                    0.0,
                    1.0,
                    0.0,
                    0.0,
                    0.0,
                    0.0,
                    1.0
                ],
                "cx": 637.3317073170732,
                "cy": 636.4946341463415,
                "d": 1.503771,
                "dist_coeffs": [
                    -0.05209633,
                    0.17231672,
                    3.352e-05,
                    0.00134717,
                    -0.50418627
                ],
                "dist_coeffs_comment": "k1,k2,p1,p2,k3",
                "focal_baseline": 50.369998931884766,
                "fx": 914.560487804878,
                "fy": 914.500487804878,
                "height": 1280,
                "id": 0,
                "model_type": "equidistant_v3",
                "width": 1280
            },
            {
                "T_I_C": [
                    0.9999718942297006,
                    -0.001135991427614713,
                    -0.007410821421472775,
                    -0.00034074308518289276,
                    0.007408088357293996,
                    -0.002391502561927883,
                    0.9999697000121484,
                    0.020438422992559404,
                    -0.0011536800055037023,
                    -0.9999964951133438,
                    -0.002383019822037369,
                    -0.009798301463863323,
                    0.0,
                    0.0,
                    0.0,
                    1.0
                ],
                "cx": 545.9239620931562,
                "cy": 629.2359773523835,
                "dist_coeffs": [
                    -0.0026356541063453556,
                    0.012292169295449578,
                    0.0004923359191398276,
                    -0.0005257015091813587,
                    -0.007024744679240518
                ],
                "dist_coeffs_comment": "k1,k2,p1,p2,k3",
                "focal_baseline": 50.369998931884766,
                "fx": 508.1798498848767,
                "fy": 508.14552430256725,
                "height": 1280,
                "id": 1,
                "model_type": "perspective",
                "width": 1088
            }
        ],
        "sn": "112SN10B7X01E6-112SN10B7X010X",
        "creator": "factory",
        "rms_l": 0.27609613922323895,
        "rms_r": 0.21891434192077663,
        "rotation_in_degree": [
            90.13654085701565,
            0.424612676876782,
            -0.06508931575119972
        ],
        "translation": [
            0.1780197604366235,
            -9.749775662202591,
            -20.463678441356613
        ]
    },
    "pano_down": {
        "calibration_time": "2025-09-08 11:09:19",
        "cameras": [
            {
                "T_I_C": [
                    1.0,
                    0.0,
                    0.0,
                    0.0,
                    0.0,
                    1.0,
                    0.0,
                    0.0,
                    0.0,
                    0.0,
                    1.0,
                    0.0,
                    0.0,
                    0.0,
                    0.0,
                    1.0
                ],
                "cx": 638.380487804878,
                "cy": 638.5268292682927,
                "d": 1.503771,
                "dist_coeffs": [
                    -0.05143676,
                    0.16430032,
                    -0.00020748,
                    0.00061268,
                    -0.48868474
                ],
                "dist_coeffs_comment": "k1,k2,p1,p2,k3",
                "focal_baseline": 50.369998931884766,
                "fx": 914.1341463414634,
                "fy": 914.2536585365854,
                "height": 1280,
                "id": 0,
                "model_type": "equidistant_v3",
                "width": 1280
            },
            {
                "T_I_C": [
                    0.01650652101503458,
                    0.9998308355907074,
                    0.008113874904601658,
                    0.0008570405265406933,
                    -0.993682875139002,
                    0.017304859776175574,
                    -0.1108823046460205,
                    -0.04840483664149367,
                    -0.11100395677391964,
                    -0.0062323374518877955,
                    0.9938004223939632,
                    -0.006689998545435055,
                    0.0,
                    0.0,
                    0.0,
                    1.0
                ],
                "cx": 320.3128457570296,
                "cy": 237.8043136774699,
                "dist_coeffs": [
                    0.11969119385559747,
                    -0.10350037062832217,
                    0.00025762342874412,
                    0.00017663523446721406,
                    0.02479446034310872
                ],
                "dist_coeffs_comment": "k1,k2,p1,p2,k3",
                "focal_baseline": 50.369998931884766,
                "fx": 229.57642448625967,
                "fy": 229.4980911898449,
                "height": 480,
                "id": 1,
                "model_type": "perspective",
                "width": 640
            }
        ],
        "sn": "113SN00B6L008R-113SN00B6L008K",
        "creator": "factory",
        "rms_l": 0.3325165207548699,
        "rms_r": 0.17049812425276575,
        "rotation_in_degree": [
            -6.3663894881843675,
            -0.4648958886934448,
            89.05417192099347
        ],
        "translation": [
            -48.8558203113703,
            -0.060950963704336766,
            1.2743296178248738
        ]
    }
}